  0.0000000e+000  0.0000000e+000  1.0000000e+000
  3.6064804e-001  0.0000000e+000  9.3270198e-001
  1.1144637e-001  3.4299667e-001  9.3270198e-001
 -2.9177040e-001  2.1198360e-001  9.3270198e-001
 -2.9177040e-001 -2.1198360e-001  9.3270198e-001
  1.1144637e-001 -3.4299667e-001  9.3270198e-001
  4.9115300e-001  3.5684354e-001  7.9462659e-001
 -1.8760375e-001  5.7738498e-001  7.9462659e-001
 -6.0709850e-001  7.4348123e-017  7.9462659e-001
 -1.8760375e-001 -5.7738498e-001  7.9462659e-001
  4.9115300e-001 -3.5684354e-001  7.9462659e-001
  6.7288341e-001  0.0000000e+000  7.3974855e-001
  2.0793241e-001  6.3995015e-001  7.3974855e-001
 -5.4437412e-001  3.9551095e-001  7.3974855e-001
 -5.4437412e-001 -3.9551095e-001  7.3974855e-001
  2.0793241e-001 -6.3995015e-001  7.3974855e-001
  7.8436629e-001  3.4300731e-001  5.1683219e-001
  5.6860185e-001  6.3998158e-001  5.1683219e-001
 -8.3836825e-002  8.5197176e-001  5.1683219e-001
 -4.3295102e-001  7.3853768e-001  5.1683219e-001
 -8.3618029e-001  1.8354019e-001  5.1683219e-001
 -8.3618029e-001 -1.8354019e-001  5.1683219e-001
 -4.3295102e-001 -7.3853768e-001  5.1683219e-001
 -8.3836825e-002 -8.5197176e-001  5.1683219e-001
  5.6860185e-001 -6.3998158e-001  5.1683219e-001
  7.8436629e-001 -3.4300731e-001  5.1683219e-001
  8.9446661e-001  0.0000000e+000  4.4713474e-001
  2.7640538e-001  8.5068830e-001  4.4713474e-001
 -7.2363869e-001  5.2575428e-001  4.4713474e-001
 -7.2363869e-001 -5.2575428e-001  4.4713474e-001
  2.7640538e-001 -8.5068830e-001  4.4713474e-001
  7.9466061e-001  5.7735473e-001  1.8755275e-001
 -3.0353334e-001  9.3417957e-001  1.8755275e-001
 -9.8225453e-001  1.2029149e-016  1.8755275e-001
 -3.0353334e-001 -9.3417957e-001  1.8755275e-001
  7.9466061e-001 -5.7735473e-001  1.8755275e-001
  9.6470110e-001  2.1210329e-001  1.5608969e-001
  4.9983125e-001  8.5194174e-001  1.5608969e-001
  9.6386815e-002  9.8302878e-001  1.5608969e-001
 -6.5578839e-001  7.3863224e-001  1.5608969e-001
 -9.0513077e-001  3.9544191e-001  1.5608969e-001
 -9.0513077e-001 -3.9544191e-001  1.5608969e-001
 -6.5578839e-001 -7.3863224e-001  1.5608969e-001
  9.6386815e-002 -9.8302878e-001  1.5608969e-001
  4.9983125e-001 -8.5194174e-001  1.5608969e-001
  9.6470110e-001 -2.1210329e-001  1.5608969e-001
